3
1
153 972 973 944 944 973 972 972 973 944 972 972 944 973 972 972 944 151 207 208 209 152 153 973 944 944 1028 1034
153 1028 1029 1030 1031 1030 1030 1030 1030 1030 1030 1031 1032 1033 1034 0 0 151 235 132 237 152 153 0 972 974 1112 1118
153 1056 0 132 0 972 0 0 0 0 0 0 0 861 1062 0 972 151 263 264 265 152 153 0 0 973 0 972
181 1084 0 974 0 0 0 140 0 0 0 0 0 0 1090 0 0 179 180 180 180 180 181 0 0 0 0 972
972 1056 0 0 0 0 0 0 974 0 0 0 0 0 1062 0 0 972 0 0 0 0 0 0 0 0 861 944
974 1084 0 0 0 0 0 0 0 0 0 0 0 972 1090 0 973 0 0 0 0 0 132 972 0 0 0 973
974 1112 1113 1116 0 0 0 0 0 0 0 0 1116 1117 1118 861 0 0 0 0 0 0 974 0 0 0 0 972
972 0 972 0 0 0 0 0 0 0 0 0 0 0 0 0 0 0 0 0 0 0 0 0 0 974 0 944
972 0 0 0 0 0 0 0 0 0 0 0 0 0 974 973 0 0 0 0 0 0 0 0 0 973 0 973
974 0 0 0 0 0 0 0 0 0 0 0 0 0 0 0 0 972 0 0 0 0 0 891 892 0 0 973
973 0 0 0 0 974 0 0 0 0 0 0 0 0 0 0 0 0 0 0 0 0 0 1112 1118 0 0 972
0 0 0 0 0 0 0 0 0 0 0 0 0 0 0 0 0 0 0 0 0 0 0 0 0 861 0 944
0 0 132 0 0 0 0 0 0 0 972 0 0 0 0 0 0 0 0 0 0 0 0 973 0 0 0 944
973 0 974 0 0 0 0 0 0 0 0 0 0 0 0 944 0 973 0 0 0 0 0 0 0 0 0 973
972 974 974 974 973 973 973 974 972 973 974 974 973 972 972 974 974 974 973 972 0 0 0 944 944 974 972 973
