1
1
974 0 0 179 180 180 180 181 973 974 972 972 972 974 972 973 972 974 972 972 973 973 972 974 974 974 151 487
973 0 0 0 0 0 0 0 0 0 0 0 972 0 0 0 0 0 0 0 0 0 0 0 0 0 179 180
972 0 0 0 974 973 0 0 0 974 0 0 0 0 973 0 0 0 0 0 0 0 973 0 0 972 0 944
972 972 0 0 0 861 0 0 973 972 0 0 0 974 0 0 972 0 0 0 0 0 0 891 892 0 0 974
974 972 0 0 0 0 0 0 0 0 0 0 0 0 0 1028 1029 1030 1031 1032 1033 1034 0 1112 1118 0 0 972
974 0 0 0 0 0 0 0 0 0 0 0 972 0 0 1056 0 132 0 0 0 1062 0 0 0 0 0 973
973 0 0 0 0 0 0 0 0 0 0 0 0 0 972 1084 0 0 0 0 140 1090 0 0 974 0 0 972
973 974 973 0 0 972 0 0 0 0 0 0 0 0 0 1084 0 0 0 0 0 1090 972 0 0 973 0 973
972 0 0 1028 1029 1033 1034 0 0 0 0 0 0 0 0 1112 1113 0 0 1116 1117 1118 0 0 0 861 0 974
974 0 0 1056 0 0 1062 0 974 0 0 0 0 132 132 0 0 0 0 0 974 0 0 0 0 0 0 0
972 0 973 1084 0 0 1090 973 0 0 0 0 0 0 0 0 0 0 0 0 0 0 0 0 972 0 0 0
974 0 974 1112 1113 0 1118 0 0 0 0 0 0 0 0 0 0 861 0 0 0 0 0 0 0 0 0 973
973 0 0 0 0 0 0 0 0 0 0 0 0 0 0 0 0 0 0 891 892 0 0 0 0 0 0 972
124 124 125 126 0 0 0 0 0 0 0 0 0 0 0 0 0 0 0 1112 1118 0 0 0 123 124 125 974
403 404 153 974 974 972 973 972 974 972 974 972 973 972 974 974 972 972 973 972 972 974 972 972 151 152 153 974
