1
2
487 488 152 153 973 974 973 972 974 1112 918 918 1118 974 123 124 125 974 973 974 972 974 974 972 972 974 1028 1034
180 180 180 181 1125 0 0 0 0 0 0 891 892 0 151 152 153 861 0 0 1028 1029 1030 1033 1034 0 1112 1118
944 891 892 0 0 0 0 0 974 0 0 1112 1118 0 179 180 181 0 973 0 1056 0 0 0 1062 0 0 972
974 1112 1118 0 0 0 0 0 0 0 0 0 0 0 0 0 0 0 0 0 1084 0 0 0 1090 0 972 973
972 0 0 0 973 0 861 0 0 0 0 972 0 0 0 0 0 0 0 0 1112 1113 0 1116 1118 0 0 972
973 0 0 0 0 0 0 0 0 0 0 0 0 220 0 0 0 861 0 0 0 0 0 0 0 0 0 973
972 1028 1029 1030 1031 1032 1031 1032 1033 1034 861 0 0 0 0 0 0 0 0 0 0 0 0 0 0 0 974 974
973 1056 0 0 0 0 0 0 0 1062 0 0 0 0 0 0 0 0 0 0 0 0 0 0 220 0 0 974
974 1112 0 1116 1117 0 1116 1117 0 1118 0 0 0 0 0 0 0 0 0 0 0 0 0 0 0 0 0 974
0 0 0 0 0 0 0 0 0 0 0 0 0 0 891 892 0 0 0 0 0 0 0 0 0 0 0 973
0 0 0 0 0 0 0 0 0 0 0 0 0 0 1112 1118 0 0 0 0 0 0 0 0 0 0 0 0
973 0 0 0 0 0 0 0 0 0 0 0 0 0 0 974 0 0 0 0 0 974 0 0 0 0 0 0
972 861 0 0 0 0 973 0 0 861 0 0 0 0 0 0 0 0 0 0 0 0 0 0 0 861 0 973
974 0 974 0 973 0 0 0 0 972 0 0 0 0 0 0 0 0 0 0 0 973 0 0 0 123 124 125
974 974 972 973 974 972 974 974 972 973 972 972 973 973 973 972 972 972 944 973 973 944 944 973 972 151 152 153
