2
1
972 974 974 974 973 973 973 974 972 973 974 974 973 972 972 974 974 974 973 972 0 0 0 972 974 974 972 973
972 0 0 0 0 0 974 974 0 0 0 0 972 972 0 0 973 0 973 972 0 0 0 0 0 0 0 972
973 0 0 0 0 0 973 0 0 0 972 0 0 0 0 132 0 0 973 0 0 0 0 0 861 0 0 974
974 861 0 0 0 0 0 0 0 0 0 0 0 0 0 0 0 0 0 0 0 0 0 0 0 0 0 973
973 0 0 0 0 0 132 0 0 0 0 0 0 0 0 0 0 0 0 0 0 0 0 0 0 0 0 972
974 0 0 0 0 0 0 0 0 0 0 0 0 0 0 0 0 0 0 0 0 0 0 0 0 0 0 973
974 0 0 973 0 0 0 0 0 0 0 132 0 0 0 0 0 0 0 0 0 0 0 0 0 974 0 974
973 0 0 974 974 0 0 0 0 973 0 0 891 892 0 0 0 0 0 974 1028 1029 1030 1031 1032 1033 1034 974
972 0 0 123 124 124 124 125 0 0 0 0 1112 1118 0 0 0 0 0 0 1056 0 132 0 0 0 1062 973
972 0 0 151 207 208 209 153 0 0 861 0 0 974 0 0 0 0 0 0 1084 0 0 0 0 0 1090 974
974 972 0 151 235 132 237 153 0 0 0 0 0 0 0 0 0 0 0 0 1112 1113 1113 0 1116 1117 1118 974
973 972 0 151 263 264 265 153 0 0 0 973 0 0 140 0 0 0 0 0 0 0 0 0 0 0 123 124
972 0 0 151 152 152 152 153 0 891 892 0 0 0 974 0 0 0 973 0 0 0 0 0 0 0 151 152
974 0 0 151 152 152 152 153 972 1112 1118 974 974 0 973 0 0 974 0 0 0 0 972 0 0 974 151 459
974 0 0 179 180 180 180 181 973 974 972 972 972 974 972 973 972 974 972 972 973 973 972 974 974 974 151 487
