0
6
468 496 525 525 525 499 471 179 180 180 180 431 432 152 180 180 181 526 470 470 470 470 470 470 470 470 471 456
468 0 0 0 0 0 471 0 9 9 8 151 152 153 8 18 456 496 525 525 525 525 525 580 581 525 499 456
496 580 581 525 0 0 499 0 0 0 8 151 152 153 0 0 0 456 8 0 0 0 18 496 499 0 0 440
455 496 499 456 0 0 0 0 0 0 0 0 0 0 0 0 0 0 0 0 0 0 0 0 0 220 0 468
455 18 18 0 0 0 0 0 0 0 0 0 0 0 0 0 0 0 0 0 438 0 0 18 0 0 0 468
455 0 9 9 0 0 0 0 0 0 0 151 152 153 0 0 0 0 0 438 0 438 0 0 0 0 0 468
455 0 0 0 0 0 0 0 0 18 18 151 152 153 0 0 0 0 0 0 440 524 524 443 0 0 0 468
455 0 0 0 0 220 0 0 0 0 0 151 152 153 0 0 0 0 0 0 468 0 0 471 0 0 18 468
0 0 132 0 0 0 0 0 0 18 0 151 461 153 0 0 0 0 0 0 496 0 0 499 0 440 524 581
0 0 0 0 0 0 0 0 0 18 18 179 433 181 0 0 0 0 0 0 0 0 0 0 0 580 581 499
455 0 0 0 0 0 0 0 0 18 440 582 582 582 443 0 0 0 0 0 0 0 0 0 0 496 499 456
455 0 0 0 0 0 18 0 0 0 526 470 470 470 527 8 0 0 0 0 0 18 18 0 0 0 0 456
455 0 0 0 0 0 0 0 9 0 526 470 610 611 527 8 8 0 0 0 0 0 0 0 0 0 0 456
455 0 0 0 0 0 0 8 8 440 581 470 608 609 527 132 8 435 436 437 0 0 0 0 0 0 0 456
483 484 484 484 484 484 484 484 484 608 609 470 470 470 527 484 484 484 484 484 484 484 547 548 435 436 437 456
