1
4
623 624 624 624 624 624 624 624 624 624 624 624 624 624 624 624 624 624 624 624 624 624 624 625 151 152 153 474
440 441 441 442 443 0 0 0 0 0 0 0 18 0 0 0 0 0 0 0 0 0 0 0 179 180 181 584
468 0 0 0 471 0 8 0 0 0 0 0 0 0 0 0 0 0 444 445 445 445 445 447 0 9 0 612
496 0 0 0 499 0 0 0 0 0 0 0 0 0 0 0 0 0 472 513 0 0 9 475 0 0 0 455
344 0 0 0 344 0 0 513 0 0 0 0 513 0 435 436 437 0 472 513 0 0 0 475 0 0 0 455
1610613361 0 0 0 0 0 0 0 0 8 8 8 0 0 0 0 0 0 472 0 0 0 0 475 0 438 438 455
1610613388 0 0 0 0 0 0 0 0 0 0 0 0 926 0 0 0 0 500 529 0 0 529 503 0 0 0 455
0 0 0 0 0 0 0 0 0 0 0 0 0 0 0 0 0 0 0 0 0 0 0 0 0 0 0 0
0 0 0 0 0 0 0 0 0 0 0 0 0 0 0 0 0 0 0 0 0 0 0 0 0 0 0 0
1610613388 0 0 0 0 0 513 0 0 0 0 0 0 0 0 0 0 0 0 926 0 123 124 124 124 124 125 455
1610613388 456 0 0 0 0 0 0 0 0 0 0 0 0 0 0 0 0 0 0 0 151 459 460 152 152 153 455
1610613388 0 0 0 0 0 0 513 0 0 0 0 0 547 548 0 0 0 0 0 9 151 487 488 152 152 153 455
1610613388 0 0 0 0 0 0 0 0 0 0 8 8 0 0 0 0 0 0 0 9 151 152 152 152 152 153 525
1610613388 0 9 9 0 8 0 0 18 0 0 0 0 0 9 0 435 436 437 0 0 151 152 152 459 460 153 525
1610613387 624 624 624 624 624 624 624 624 624 624 624 624 624 624 624 624 624 624 624 625 151 152 152 487 488 153 581
