0
5
581 525 525 525 580 581 525 525 499 8 0 0 8 39 152 152 487 488 153 472 474 612 529 529 529 584 585 468
555 0 0 0 608 609 0 0 0 0 0 0 0 67 180 180 180 180 181 612 529 529 529 584 0 612 613 468
555 610 442 441 441 442 611 0 9 9 0 0 0 0 0 0 0 0 0 0 344 344 344 472 0 0 132 496
555 468 0 0 0 132 471 0 0 0 0 0 0 0 0 0 0 0 0 0 0 0 344 472 0 0 0 455
555 468 0 0 0 0 471 0 0 0 0 0 0 0 0 0 0 0 0 18 0 0 0 472 0 0 0 455
1073742504 468 220 0 0 0 471 438 0 0 0 0 0 0 0 0 0 0 0 0 0 0 0 500 0 0 529 455
679 468 0 0 0 0 471 0 0 0 0 0 435 436 437 0 0 0 0 0 0 0 0 0 0 0 0 455
679 496 580 581 0 0 499 0 0 0 0 0 0 0 0 0 0 0 0 0 0 0 0 0 0 0 0 455
679 0 608 609 0 0 0 0 0 0 0 0 0 0 0 0 0 0 547 548 0 0 0 0 0 0 0 0
679 0 0 0 0 0 0 0 0 0 0 0 0 0 0 0 0 0 0 0 9 0 0 0 0 0 0 0
679 0 0 0 0 0 0 0 0 0 0 0 0 0 0 0 0 0 0 0 0 0 0 0 0 0 9 455
679 0 0 0 0 18 0 0 0 0 0 132 0 0 0 0 18 0 0 0 0 0 0 0 0 0 0 455
679 0 0 456 0 0 0 9 0 0 456 123 124 124 124 124 124 125 0 0 0 0 0 0 0 0 0 455
680 0 9 9 0 456 9 9 0 9 0 151 152 152 152 403 404 153 456 0 456 0 0 0 0 438 438 455
484 484 484 484 484 484 484 484 484 484 484 151 459 460 152 431 432 153 456 456 484 484 484 484 484 484 484 483
