1
5
474 474 475 344 344 344 151 152 152 152 459 460 153 344 0 0 344 496 525 525 525 525 525 525 580 581 525 525
584 585 503 0 0 0 151 152 152 152 487 488 153 0 0 0 0 0 0 456 0 456 0 0 608 609 0 457
612 613 556 0 0 0 179 180 180 180 180 180 181 0 0 0 0 0 0 0 0 0 0 0 0 0 8 457
455 0 0 0 438 0 0 0 0 0 0 0 0 0 0 0 0 18 0 0 0 0 0 0 0 0 456 457
455 0 344 8 0 0 0 0 0 0 18 0 18 0 0 0 0 0 0 438 0 0 0 0 0 0 0 457
455 0 0 0 0 0 0 0 0 0 0 9 18 0 0 0 0 0 0 0 444 445 445 445 445 447 0 457
455 9 456 0 0 0 323 324 325 0 0 344 0 0 0 0 0 0 0 0 472 344 0 0 344 475 0 457
0 0 0 0 0 0 0 0 0 0 0 0 0 0 0 0 0 0 438 0 472 0 0 0 0 475 0 457
0 0 0 0 0 0 0 0 0 0 0 0 0 0 0 0 0 9 0 0 472 0 0 0 0 475 438 457
455 0 0 0 0 0 0 0 0 0 0 0 0 0 0 0 0 9 0 0 500 0 0 0 0 503 0 457
455 547 548 0 0 0 0 0 0 0 0 0 0 0 0 0 0 0 344 0 0 0 0 0 0 0 0 457
455 8 0 0 9 0 0 0 0 0 0 0 0 0 0 0 0 0 0 0 0 0 0 0 0 0 0 457
525 470 470 470 470 443 0 0 0 0 0 0 456 123 124 124 124 124 125 0 0 0 0 0 0 0 0 8
525 470 470 470 470 471 0 0 0 0 0 0 8 151 152 152 459 460 153 0 0 0 0 0 0 0 456 456
581 525 525 525 580 581 525 525 499 8 0 0 8 151 152 152 487 488 153 472 474 612 529 529 529 584 585 584
