2
5
474 475 529 529 529 529 529 529 503 435 436 437 9 18 435 436 437 9 18 9 9 18 468 470 608 525 580 581
474 475 0 0 0 132 531 0 0 0 0 0 0 0 0 0 0 0 0 0 0 0 496 525 525 580 608 580
584 475 0 0 0 0 531 0 456 0 0 0 0 0 0 0 0 0 0 0 0 0 0 0 0 468 470 608
558 585 529 529 0 0 503 0 0 0 0 0 0 456 0 0 0 0 0 0 0 438 0 0 0 468 470 470
529 584 615 0 0 0 0 0 0 0 0 438 0 0 0 0 0 438 0 0 0 0 438 0 0 468 470 470
584 585 503 0 0 0 220 0 0 0 0 0 438 0 0 438 438 0 0 0 438 0 0 0 18 496 525 525
612 613 0 0 0 0 0 0 438 0 0 0 0 0 0 0 0 0 0 0 0 0 0 0 0 0 0 456
529 0 0 0 0 0 0 0 0 0 0 0 0 0 0 0 0 0 0 0 0 0 0 0 0 0 0 345
529 531 0 0 0 0 0 0 0 0 0 0 0 0 0 0 0 0 0 0 0 0 0 0 0 0 0 345
529 559 0 0 0 0 0 0 0 0 0 0 0 0 0 0 0 0 0 0 0 0 0 0 0 0 0 345
529 531 0 438 0 0 0 0 0 0 0 0 0 0 0 0 438 0 0 0 0 0 0 0 0 0 0 345
529 559 438 0 438 0 0 0 0 0 0 438 438 0 0 0 0 0 0 0 0 0 0 438 0 0 0 345
529 531 0 123 124 124 124 124 125 0 0 0 0 438 0 0 0 0 0 0 438 438 438 0 0 0 0 345
529 559 0 179 180 180 209 152 263 124 124 124 125 0 0 0 0 438 0 0 18 18 18 456 0 438 440 524
474 474 475 344 344 344 151 152 152 152 459 460 153 344 0 0 344 496 525 525 525 525 525 525 580 581 525 525
