1
3
1034 972 443 484 484 484 484 429 9 344 344 344 456 9 427 484 484 484 484 344 0 0 0 736 708 708 709 623
1118 0 580 443 456 0 0 457 0 0 0 0 0 106 455 0 0 0 108 0 0 0 0 764 709 0 0 440
972 0 1056 1062 456 0 220 485 0 0 0 0 0 0 483 0 0 0 0 0 0 0 0 0 0 0 8 468
973 0 1112 580 443 0 0 0 0 0 0 0 0 0 0 0 0 0 0 0 0 513 0 0 0 344 8 496
972 0 0 1112 1118 0 443 0 0 0 0 0 0 0 0 315 0 0 0 317 0 0 456 0 0 0 0 344
973 0 0 861 973 0 471 513 0 0 123 124 124 125 0 511 0 0 0 512 0 0 0 0 0 0 0 1610613389
974 0 0 0 0 0 946 443 0 0 151 152 152 153 0 539 0 0 0 540 0 0 8 0 0 0 438 1610613360
974 0 0 0 0 0 1073742404 471 456 0 151 459 460 153 0 567 0 0 0 568 0 0 0 0 0 0 0 0
974 0 0 0 0 0 1056 471 456 0 151 487 488 153 0 511 0 0 0 512 0 344 0 0 0 0 0 0
973 0 0 0 0 1028 581 499 0 0 179 180 180 544 0 539 0 0 0 540 0 0 0 0 0 0 108 1610613388
0 0 0 0 973 1112 946 443 513 0 0 0 0 0 0 567 0 0 0 568 0 0 0 0 0 0 0 1610613388
0 0 0 0 0 0 1056 471 0 0 0 0 0 0 0 511 0 0 0 512 0 0 0 0 0 0 0 1610613388
973 0 0 0 0 1028 581 499 0 0 0 0 0 0 0 539 0 0 0 540 0 0 0 0 0 438 344 1610613388
125 973 0 0 0 1056 471 0 0 547 548 456 547 548 0 567 0 0 0 568 0 0 0 0 456 8 8 1610613388
153 972 891 1113 525 525 499 315 316 316 316 316 316 316 316 400 0 0 0 399 316 435 436 437 681 624 653 1610613387
