3
3
8 8 707 708 0 0 709 152 152 152 152 152 152 152 152 707 708 708 708 709 152 207 208 209 707 708 709 208
8 0 0 0 0 0 0 152 152 459 460 152 152 0 0 0 0 0 0 0 152 235 132 237 0 0 132 106
8 0 0 132 0 0 0 0 152 487 488 152 152 0 0 0 0 0 0 0 152 263 264 265 0 0 0 264
8 0 0 0 0 0 0 0 0 152 152 152 152 0 0 0 456 0 0 0 0 0 0 0 0 0 0 403
737 0 0 0 0 0 132 0 0 152 152 152 0 0 0 456 0 0 0 0 0 0 0 0 0 0 0 431
735 9 0 0 0 0 0 0 152 152 152 152 0 0 0 0 0 0 0 0 152 152 152 152 0 0 0 152
735 456 0 0 0 0 0 0 0 0 0 0 0 0 0 0 0 0 0 0 0 152 152 152 0 0 0 152
765 456 0 0 0 0 0 0 0 0 0 0 0 0 0 0 0 0 140 0 0 152 152 152 152 0 0 152
8 0 0 0 0 0 0 0 152 152 152 152 0 0 0 0 0 0 0 0 152 152 152 459 460 0 0 152
8 0 0 0 0 0 0 0 152 207 208 209 152 0 0 0 0 0 0 152 152 152 152 487 488 0 0 152
737 0 0 0 0 0 0 152 152 235 132 237 152 0 0 8 0 0 152 152 207 208 209 152 152 0 0 0
735 0 0 0 132 0 0 152 152 263 264 265 152 0 0 8 0 0 152 152 235 132 237 152 152 0 0 0
765 9 0 0 0 0 0 152 459 460 152 152 152 0 0 0 0 0 152 152 527 264 265 152 152 0 0 610
8 0 0 0 0 152 152 152 487 488 152 152 152 0 0 0 580 405 405 405 581 152 0 0 0 0 0 554
403 404 152 152 152 152 152 152 152 707 708 708 708 708 709 152 608 433 433 433 609 152 0 0 468 470 608 554
