4
4
8 8 764 708 708 765 608 580 581 525 525 433 433 433 433 499 152 431 432 152 764 765 496 580 581 580 582 582
8 0 0 0 0 0 0 608 609 152 461 461 461 461 461 461 152 152 152 0 0 0 0 496 499 468 582 582
8 0 0 0 0 0 0 0 0 152 152 152 152 152 152 152 152 152 152 0 0 0 0 0 0 496 580 581
8 0 0 0 9 0 8 0 0 0 0 152 152 403 404 152 152 152 0 0 0 0 0 0 0 9 496 499
8 0 0 0 0 0 0 0 0 106 0 0 152 431 432 152 152 152 0 0 106 0 0 9 0 0 0 736
8 0 0 0 0 0 0 0 0 0 0 0 0 0 0 0 0 0 0 0 0 0 0 0 0 0 0 735
8 435 436 437 0 0 0 0 9 0 0 0 0 0 0 0 0 0 0 0 0 0 0 0 0 0 0 735
737 8 8 0 0 0 0 0 0 0 0 0 0 0 0 0 0 0 0 0 0 0 0 0 435 436 437 735
735 0 8 8 0 0 0 438 0 0 0 0 876 876 876 876 876 876 876 0 0 0 0 0 0 0 0 735
765 0 0 0 0 0 0 0 0 0 0 152 152 152 459 460 152 152 0 0 0 0 0 0 0 0 0 735
152 152 0 0 106 0 0 0 0 0 0 152 152 152 487 488 152 152 0 0 0 0 132 0 0 0 8 735
152 152 0 0 0 0 0 0 0 0 152 152 152 0 0 0 0 0 0 0 0 0 0 0 0 344 344 764
152 152 152 152 152 152 152 403 404 152 152 0 0 0 0 0 123 12 12 12 12 125 0 0 440 583 583 583
152 459 460 152 152 152 152 431 432 152 152 0 0 0 0 0 179 405 405 405 405 181 0 8 468 470 580 581
208 209 152 152 152 152 707 709 8 8 8 0 0 608 525 525 525 433 433 433 433 525 525 580 581 609 623 2147484299
