4
3
152 152 152 152 152 152 152 152 152 152 152 152 152 152 152 152 152 207 208 209 152 152 152 152 152 459 460 152
152 403 404 152 152 152 152 459 460 152 152 152 152 152 403 404 152 235 106 237 152 152 152 152 152 487 488 152
152 431 432 152 152 152 152 487 488 152 207 208 209 152 431 432 152 263 264 265 152 152 152 152 152 152 152 152
152 152 152 152 152 152 152 152 152 152 235 106 237 152 152 152 152 152 152 403 404 152 152 0 0 152 152 152
152 152 152 152 0 0 0 0 152 152 263 264 265 152 152 152 152 152 152 431 432 152 0 0 0 0 152 152
152 0 152 0 0 0 0 0 152 152 459 460 152 152 152 152 152 152 152 152 152 152 0 108 0 0 152 152
152 0 152 0 0 0 0 0 152 152 487 488 152 152 0 0 0 152 0 0 152 152 0 0 0 0 152 152
0 0 0 0 0 106 0 0 0 152 152 152 152 152 0 0 0 152 0 0 152 152 0 0 0 0 0 152
737 0 108 0 0 0 0 0 0 152 152 152 152 152 0 0 0 152 0 0 152 0 0 0 106 0 0 152
735 0 0 0 0 0 0 0 0 0 0 0 0 0 0 0 0 0 0 0 0 0 0 0 0 0 0 736
735 0 0 0 106 0 0 0 0 0 0 0 0 0 0 0 0 0 0 0 0 0 0 0 0 0 0 764
735 0 0 0 0 0 0 0 0 0 0 0 0 0 0 0 0 18 0 0 106 0 0 0 0 0 9 440
765 0 0 0 0 0 0 0 0 0 0 0 0 9 0 0 0 0 0 0 0 0 0 0 8 8 0 468
0 0 0 8 0 0 8 0 0 0 0 0 0 0 0 0 0 0 0 0 0 0 0 0 0 0 9 468
8 8 707 708 0 0 709 124 124 124 124 124 124 124 124 707 708 708 708 709 152 207 208 209 707 708 709 208
