3
4
208 209 152 152 152 152 707 709 8 8 8 0 0 608 525 525 525 433 433 433 433 525 525 580 581 609 623 2147484299
106 237 152 152 152 152 0 0 0 0 0 0 0 0 0 152 461 461 461 461 461 461 152 608 609 0 0 679
264 265 152 152 0 0 0 0 0 18 0 0 0 0 152 152 152 152 152 152 152 152 0 0 0 0 0 679
403 404 152 0 0 0 0 0 0 0 0 0 0 0 152 152 207 208 209 152 152 0 0 0 0 0 344 679
431 432 0 0 0 0 0 547 548 0 344 0 0 0 152 152 235 106 237 152 152 0 0 0 0 0 0 680
152 152 0 106 0 0 0 8 8 0 0 0 0 0 152 152 263 264 265 459 460 0 0 106 0 8 0 9
152 152 0 0 0 0 0 0 0 0 0 0 0 0 0 152 152 152 152 487 488 0 0 0 0 0 0 9
152 0 0 0 0 0 0 0 0 0 0 0 0 0 0 0 0 0 0 0 0 0 0 0 0 0 0 9
152 0 0 0 0 0 0 0 0 0 438 438 0 0 0 0 0 0 0 0 0 0 0 0 0 0 0 9
152 0 0 106 0 0 0 435 436 437 0 18 0 0 0 0 876 876 876 876 876 876 0 0 0 0 0 456
0 0 0 0 0 0 0 0 0 0 0 0 0 0 0 152 152 152 152 152 0 0 0 0 0 0 344 8
0 0 0 0 0 0 0 0 0 344 0 0 0 0 152 152 152 152 152 152 0 0 0 0 0 0 0 456
610 552 552 552 552 581 0 0 0 0 8 0 0 152 152 152 152 152 152 0 0 220 0 0 8 0 0 456
554 582 582 580 581 609 0 0 344 344 0 0 0 152 403 404 152 152 152 0 0 0 0 0 0 547 548 456
554 582 582 608 609 707 708 709 8 456 707 708 709 152 431 432 152 707 708 708 708 708 708 709 8 8 456 456
